00000000000000000000000000000000
00000000000000000000000000000000
00000000000000000000000000000000
00000000000000000000000000000000
00000001111111111000000000000000
00000011000000001100000000000000
00000100000000000110000000000000
00000100000000000001000000000000
00001000000000000000100000000000
00001000000000000000110000000000
00001000000000000000010000000000
00001000000000000000011000000000
00001000000000000000001000000000
00001000000000000000001000000000
00001000000000000000001100000000
00001000000000000000001100000000
00000000000000000000001100000000
00001000000000000000001100000000
00001000000000000000001100000000
00001000000000000000001100000000
00001000000000000000001100000000
00001000000000000000001000000000
00000100000000000000011000000000
00000100000000000000100000000000
00000100000000000000100000000000
00000010000000000111000000000000
00000001111111111100000000000000
00000000000000000000000000000000
00000000000000000000000000000000
00000000000000000000000000000000
00000000000000000000000000000000
00000000000000000000000000000000
